1 model_9_25 dm 0.322 438 l 1.95193225468309 h 0.5 s 0.0113559470331211 l 1.40750026464266 h 0.5 s 0.00895603591460237 l 0.753672836546575 h 0.5 s 0.0109120353055082 l 2.31827835513613 h 0.5 s 0.00747385086605046
site: 1.95193225468309 with h: 0.49999999999999 s: 0.0113559470331213
site: 1.40750026464266 with h: 0.499999999999994 s: 0.00895603591460226
site: 0.753672836546575 with h: 0.5 s: 0.0109120353055083
site: 2.31827835513613 with h: 0.500000000000015 s: 0.00747385086605057
lnl:	-31860789.3633091
