1 test n 0.322 438 l (1.95207173) 1.94207173 1.96207173 h 0.5 s ()+ l (1.40827105) 1.39827105 1.41827105 h 0.5 s ()+ l (0.75448193) 0.74448193 0.76448193 h 0.5 s ()+ l (2.31888953) 2.30888953 2.32888953 h 0.5 s ()+
site: 1.95193225468309 with h: 0.499999999999996 s: 0.0123997906002947
site: 1.40750026464266 with h: 0.5 s: 0.00918416611136208
site: 0.753672836546575 with h: 0.5 s: 0.00972894307808025
site: 2.31827835513613 with h: 0.500000000000013 s: 0.00824643962763982
lnl:	-31860788.1236273
