1 test n 0.322 438 l 1.95193225468309 h 0.5 s ()+ l 1.40750026464266 h 0.5 s ()+ l 0.753672836546575 h 0.5 s ()+ l 2.31827835513613 h 0.5 s ()+
site: 1.95193225468309 with h: 0.499999999999995 s: 0.0113559470331211
site: 1.40750026464266 with h: 0.499999999999988 s: 0.00895603591460237
site: 0.753672836546575 with h: 0.500000000000005 s: 0.0109120353055082
site: 2.31827835513613 with h: 0.499999999999993 s: 0.00747385086605046
lnl:	-31860764.3464326
