1 peak_0 dm 0.138252941724984 466  l 0.0311343669597455 h 0.5 s 0.008594112406795 l 0.0660883266425277 h 0.5 s 0.010166535314762 l 0.112045971022343 h 0.5 s 0.008162631034345 l 0.135681409350582 h 0.5 s 0.008972731745384 l 0.176315905211116 h 0.5 s 0.004991515506972
site: 0.0311343669597455 with h: 0.500000000000232 s: 0.008594112406795
site: 0.0660883266425277 with h: 0.500000000000142 s: 0.010166535314762
site: 0.112045971022343 with h: 0.500000000000068 s: 0.008162631034345
site: 0.135681409350582 with h: 0.499999999999944 s: 0.008972731745384
site: 0.176315905211116 with h: 0.500000000000400 s: 0.004991515506972
lnl:	-139609847.126127
