1 peak_1 dm 0.138252941724984 466  l 0.274125902763713 h 0.5 s 0.007800079062047 l 0.289057045901061 h 0.5 s 0.008231412616081 l 0.327448408312877 h 0.5 s 0.006620940415566 l 0.375539017353042 h 0.5 s 0.008019060454670
site: 0.274125902763713 with h: 0.500000000000000 s: 0.007800079062047
site: 0.289057045901061 with h: 0.500000000000182 s: 0.008231412616081
site: 0.327448408312877 with h: 0.499999999999849 s: 0.006620940415566
site: 0.375539017353042 with h: 0.500000000000062 s: 0.008019060454670
lnl:	-139609936.755172
